Images already resized
Images already normalized
training
Iter: 0
D loss: 0.6971
G_loss: 0.6971
 
[[[0.48672256 0.54507744 0.50468767]
  [0.4773855  0.5148079  0.52381074]
  [0.4869372  0.5222772  0.5308827 ]
  ...
  [0.4774888  0.5260767  0.5231646 ]
  [0.48735076 0.5044756  0.5138275 ]
  [0.47918135 0.48039395 0.5117755 ]]

 [[0.4964529  0.521397   0.48226658]
  [0.46728414 0.47540912 0.502244  ]
  [0.47933084 0.4795562  0.50586724]
  ...
  [0.47020257 0.48657572 0.49915546]
  [0.4876488  0.4673347  0.49014455]
  [0.48720723 0.45261878 0.49515876]]

 [[0.51069176 0.5023016  0.47086662]
  [0.4951615  0.45439085 0.48145923]
  [0.49317902 0.4569779  0.4841496 ]
  ...
  [0.48607314 0.46981302 0.48545185]
  [0.5014505  0.45762762 0.48966137]
  [0.49052164 0.45070747 0.49652106]]

 ...

 [[0.513517   0.5082616  0.47055742]
  [0.50038713 0.45786196 0.48451114]
  [0.4980957  0.4673606  0.4890572 ]
  ...
  [0.4840802  0.48117596 0.48216456]
  [0.49903333 0.4667634  0.4826137 ]
  [0.49141824 0.45855746 0.4877547 ]]

 [[0.52995044 0.50152165 0.4821848 ]
  [0.52444106 0.44676712 0.48320156]
  [0.50971335 0.45035636 0.47202235]
  ...
  [0.5038437  0.45927894 0.47154638]
  [0.5078895  0.45455423 0.45985627]
  [0.49483255 0.45762187 0.4689727 ]]

 [[0.525857   0.47187763 0.46236593]
  [0.5231886  0.43428293 0.46205476]
  [0.50926733 0.4420642  0.4634763 ]
  ...
  [0.506446   0.44836837 0.46319124]
  [0.50693464 0.450184   0.4608972 ]
  [0.5004238  0.4659643  0.46771473]]]
Iter: 10
D loss: 0.6957
G_loss: 0.6964
 
[[[0.50088316 0.6475886  0.6272629 ]
  [0.49495828 0.49351683 0.7044773 ]
  [0.49741504 0.5244822  0.7628479 ]
  ...
  [0.41828352 0.5787395  0.7157335 ]
  [0.40752614 0.4971728  0.6660937 ]
  [0.35930014 0.37507027 0.64849675]]

 [[0.5483541  0.53082126 0.4881389 ]
  [0.40905964 0.28832197 0.65865344]
  [0.45087206 0.25931716 0.6712996 ]
  ...
  [0.30708802 0.3876856  0.61690736]
  [0.41262078 0.30372483 0.56246006]
  [0.41715923 0.25211477 0.5769273 ]]

 [[0.6885912  0.4054749  0.4383299 ]
  [0.6457199  0.1646424  0.56272495]
  [0.63634646 0.15584955 0.65054226]
  ...
  [0.47703946 0.27148366 0.5648571 ]
  [0.48847398 0.26310125 0.6352736 ]
  [0.44876763 0.24329779 0.6499172 ]]

 ...

 [[0.71121514 0.49220055 0.39477763]
  [0.6691879  0.22190723 0.6006485 ]
  [0.6536405  0.24654385 0.6419637 ]
  ...
  [0.49077225 0.45818827 0.58751184]
  [0.50002265 0.33331984 0.5706679 ]
  [0.43720794 0.3110491  0.5009361 ]]

 [[0.74634194 0.46121573 0.47995603]
  [0.7035502  0.18838188 0.544822  ]
  [0.6524203  0.18370557 0.48642358]
  ...
  [0.58240604 0.26729956 0.48885256]
  [0.48510793 0.2651192  0.40697226]
  [0.4795629  0.3014853  0.42119226]]

 [[0.6901729  0.30684018 0.2940297 ]
  [0.7038646  0.13275349 0.36894745]
  [0.6195883  0.16898373 0.3786448 ]
  ...
  [0.6153316  0.23451638 0.3831943 ]
  [0.5414295  0.26111975 0.34973055]
  [0.5307468  0.3305398  0.35232133]]]
Iter: 20
D loss: 0.691
G_loss: 0.6992
 
[[[0.6082378  0.59046793 0.68092567]
  [0.58029026 0.41066375 0.8100209 ]
  [0.5772174  0.48725793 0.87353694]
  ...
  [0.35761422 0.5719477  0.7245709 ]
  [0.33775944 0.40215343 0.7015909 ]
  [0.27858478 0.2514125  0.6203268 ]]

 [[0.66684884 0.5132603  0.5100743 ]
  [0.41938198 0.2558766  0.70156586]
  [0.42896843 0.27442026 0.80879784]
  ...
  [0.25876683 0.30540204 0.67861956]
  [0.4085859  0.26271635 0.54972774]
  [0.4361468  0.10134387 0.6837768 ]]

 [[0.83204377 0.3142983  0.49440122]
  [0.72165453 0.08465558 0.5906032 ]
  [0.6719906  0.09230345 0.65179175]
  ...
  [0.41223285 0.06342056 0.26547226]
  [0.4620178  0.23874983 0.8793916 ]
  [0.6339357  0.20737457 0.71134925]]

 ...

 [[0.6670602  0.4640321  0.5471068 ]
  [0.68354636 0.22481513 0.42007133]
  [0.7537241  0.17958894 0.61401606]
  ...
  [0.49585405 0.47410703 0.71990365]
  [0.5657034  0.35345    0.71050453]
  [0.4398049  0.33183706 0.6245652 ]]

 [[0.7337284  0.42443144 0.19846362]
  [0.84591293 0.17697102 0.66470146]
  [0.81468064 0.27226934 0.17740092]
  ...
  [0.64995706 0.2525048  0.5314514 ]
  [0.49280152 0.2026264  0.41182947]
  [0.56198514 0.23061717 0.5368896 ]]

 [[0.7126411  0.36309373 0.33692592]
  [0.53017604 0.15555516 0.31357646]
  [0.57618403 0.08221346 0.17739561]
  ...
  [0.64834446 0.20427161 0.39340654]
  [0.5669334  0.26340365 0.38282984]
  [0.6617615  0.34080583 0.41128507]]]
Iter: 30
D loss: 0.6845
G_loss: 0.7035
 
[[[0.5982019  0.5100338  0.53133416]
  [0.3596335  0.54817015 0.91888344]
  [0.574152   0.6274977  0.898335  ]
  ...
  [0.45842737 0.45985565 0.725605  ]
  [0.21423304 0.5115488  0.79417646]
  [0.33426967 0.27193606 0.6022972 ]]

 [[0.53267694 0.74527335 0.4711537 ]
  [0.31029606 0.56193036 0.6083468 ]
  [0.10173965 0.32325697 0.6795034 ]
  ...
  [0.42395064 0.35635942 0.81443727]
  [0.4278956  0.36607242 0.7157559 ]
  [0.29095626 0.20217243 0.5273684 ]]

 [[0.8977319  0.22171244 0.3432058 ]
  [0.5428964  0.18465039 0.7229129 ]
  [0.38572928 0.13974407 0.24303347]
  ...
  [0.39984602 0.1534473  0.47125962]
  [0.12260196 0.3039171  0.7439149 ]
  [0.61641616 0.33333844 0.4585145 ]]

 ...

 [[0.77170897 0.3322119  0.33081022]
  [0.7767668  0.31436405 0.2519325 ]
  [0.7921355  0.07886967 0.5114574 ]
  ...
  [0.03596264 0.17327699 0.34979737]
  [0.94611216 0.55804145 0.7840489 ]
  [0.5110439  0.6236863  0.94303966]]

 [[0.741118   0.50771993 0.20728514]
  [0.6399573  0.12209401 0.7106104 ]
  [0.6817285  0.40112478 0.24411815]
  ...
  [0.7978533  0.03674659 0.71717465]
  [0.2994302  0.47151843 0.11715037]
  [0.5563537  0.16076884 0.84431136]]

 [[0.6902195  0.4375679  0.3187871 ]
  [0.29891783 0.14867112 0.38709128]
  [0.39703166 0.11784706 0.07342109]
  ...
  [0.18284345 0.09036142 0.45516193]
  [0.52150345 0.2360673  0.34722677]
  [0.77017695 0.6163846  0.50362736]]]
Iter: 40
D loss: 0.6753
G_loss: 0.7084
 
[[[9.98041868e-01 2.18027234e-02 7.20550597e-01]
  [1.50799334e-01 4.66949970e-01 1.06124878e-02]
  [8.79502296e-03 1.46034241e-01 8.79822254e-01]
  ...
  [1.47548318e-02 9.10503745e-01 9.88297939e-01]
  [6.63271248e-01 9.86845136e-01 7.81177878e-01]
  [5.73670924e-01 8.08175683e-01 1.26447141e-01]]

 [[9.68210340e-01 1.58905983e-04 1.46922529e-01]
  [7.45284081e-01 1.72514141e-01 1.32024288e-05]
  [8.66996109e-01 7.84903765e-04 2.33948231e-05]
  ...
  [9.20445561e-01 1.74759358e-01 4.72281873e-02]
  [1.11958563e-01 2.46253312e-02 2.12714732e-01]
  [8.46252441e-01 9.91404533e-01 8.50336611e-01]]

 [[5.22497058e-01 6.50858879e-03 9.98905063e-01]
  [9.92666304e-01 9.99234498e-01 1.73187405e-01]
  [9.25157666e-01 9.67624545e-01 3.11336637e-01]
  ...
  [1.53595507e-02 9.57855105e-01 8.88560772e-01]
  [9.91009355e-01 9.62036729e-01 1.94236636e-02]
  [9.38357770e-01 8.22277963e-02 4.33948308e-01]]

 ...

 [[8.15163612e-01 6.10199928e-01 1.91155821e-01]
  [6.74644351e-01 8.24226141e-02 8.23864460e-01]
  [7.81843722e-01 1.05061650e-01 5.95940232e-01]
  ...
  [7.15158343e-01 4.67011064e-01 1.13378674e-01]
  [1.02231205e-01 8.60773623e-02 2.80375183e-02]
  [9.51185048e-01 1.50973201e-02 3.01032126e-01]]

 [[8.06123376e-01 4.75543559e-01 3.46036792e-01]
  [7.47426569e-01 2.70840168e-01 8.44059110e-01]
  [8.42392266e-01 4.06807005e-01 8.15063715e-01]
  ...
  [4.96127337e-01 5.63629627e-01 9.20665860e-02]
  [6.10711694e-01 4.91557986e-01 8.95996094e-01]
  [5.19952238e-01 7.48832047e-01 1.00165635e-01]]

 [[7.09688902e-01 3.93315256e-01 2.64409244e-01]
  [7.57303178e-01 1.11061394e-01 4.83963013e-01]
  [4.46249902e-01 3.64878118e-01 5.42154372e-01]
  ...
  [9.64432180e-01 9.12153602e-01 3.47755790e-01]
  [6.36546016e-01 7.30417430e-01 2.35832453e-01]
  [6.14146948e-01 1.28340572e-01 1.03873074e-01]]]
Iter: 50
D loss: 0.6607
G_loss: 0.7156
 
[[[0.55248505 0.6318648  0.38715437]
  [0.45279154 0.5405323  0.8438    ]
  [0.348153   0.7104214  0.863785  ]
  ...
  [0.19488859 0.78666437 0.73445535]
  [0.44292226 0.5455271  0.52299106]
  [0.37858704 0.2945603  0.74001557]]

 [[0.6320447  0.7596162  0.4211974 ]
  [0.2937795  0.5866449  0.6248403 ]
  [0.31361777 0.3318963  0.6399931 ]
  ...
  [0.20046958 0.19176623 0.67276615]
  [0.5037251  0.31297433 0.7981818 ]
  [0.40553448 0.364539   0.28508165]]

 [[0.87344515 0.14747739 0.29726267]
  [0.6355251  0.1062195  0.7811327 ]
  [0.74048823 0.05910271 0.13977453]
  ...
  [0.6036008  0.54175496 0.904311  ]
  [0.06632408 0.57661736 0.25419706]
  [0.5057487  0.17467329 0.20956361]]

 ...

 [[0.5610515  0.40923506 0.05359459]
  [0.8449672  0.8503697  0.9741745 ]
  [0.02752867 0.5983324  0.01175797]
  ...
  [0.94287896 0.3391372  0.12665525]
  [0.25024146 0.07174769 0.02865222]
  [0.98268944 0.01088595 0.18086153]]

 [[0.842515   0.9869095  0.01651829]
  [0.95654094 0.33932644 0.88527066]
  [0.8602506  0.8848745  0.9725495 ]
  ...
  [0.76944494 0.65404665 0.04349196]
  [0.8483001  0.50216585 0.8461511 ]
  [0.6161611  0.8334394  0.07477459]]

 [[0.49885145 0.5881459  0.2175797 ]
  [0.98339486 0.10121992 0.3446669 ]
  [0.32461807 0.98728454 0.9121536 ]
  ...
  [0.98079437 0.97762406 0.29284638]
  [0.6788209  0.8960471  0.12618482]
  [0.4796914  0.18149114 0.08846819]]]
Iter: 60
D loss: 0.6271
G_loss: 0.7382
 
[[[0.45162216 0.793839   0.8606822 ]
  [0.78707993 0.14132336 0.30519533]
  [0.695517   0.27717453 0.6438539 ]
  ...
  [0.365049   0.92232925 0.92506135]
  [0.25524402 0.47439235 0.8631431 ]
  [0.6573831  0.589947   0.5580488 ]]

 [[0.54926634 0.13747615 0.279468  ]
  [0.7184097  0.25533158 0.6360012 ]
  [0.1256969  0.03137079 0.4065684 ]
  ...
  [0.1342234  0.02896708 0.48622254]
  [0.40707555 0.35143584 0.8013644 ]
  [0.58498675 0.27467653 0.67117596]]

 [[0.8655366  0.8968977  0.49557263]
  [0.9306805  0.05018967 0.72767484]
  [0.49201122 0.77411103 0.9720013 ]
  ...
  [0.25616765 0.18603882 0.4155923 ]
  [0.61710304 0.6139369  0.661291  ]
  [0.7666887  0.03406459 0.34813207]]

 ...

 [[0.81028914 0.43974987 0.3273454 ]
  [0.65551835 0.33479398 0.4703064 ]
  [0.9188198  0.2504773  0.46829644]
  ...
  [0.00827152 0.01627949 0.05904603]
  [0.9753308  0.80082214 0.73488986]
  [0.6520654  0.29744178 0.9049616 ]]

 [[0.84942776 0.5091176  0.18265757]
  [0.8043406  0.08897048 0.78872323]
  [0.72828245 0.2678534  0.30349317]
  ...
  [0.7464378  0.06360808 0.20593157]
  [0.24952954 0.9821137  0.02318501]
  [0.60996014 0.17447376 0.88844275]]

 [[0.63023067 0.51447666 0.30776852]
  [0.4395808  0.09080315 0.4286024 ]
  [0.4510518  0.23857296 0.0828411 ]
  ...
  [0.2873537  0.29931492 0.719922  ]
  [0.81083095 0.3156873  0.19190136]
  [0.49562892 0.5554223  0.29527867]]]
Iter: 70
D loss: 0.577
G_loss: 0.7749
 
[[[0.64614487 0.8113974  0.41447917]
  [0.515024   0.16475084 0.79278076]
  [0.27651498 0.4133217  0.50757813]
  ...
  [0.5120871  0.93977845 0.4805411 ]
  [0.5601498  0.2873574  0.19660679]
  [0.35025066 0.38426566 0.7292304 ]]

 [[0.62991667 0.5737626  0.26342916]
  [0.34602666 0.14188561 0.6552462 ]
  [0.46773311 0.48972332 0.63307565]
  ...
  [0.27864048 0.6594991  0.9185507 ]
  [0.13478276 0.30156094 0.5316499 ]
  [0.5810845  0.42586607 0.05623269]]

 [[0.7947115  0.5952887  0.20508167]
  [0.9361779  0.09860364 0.23235801]
  [0.35396558 0.22977686 0.02005476]
  ...
  [0.7855723  0.71322227 0.6638403 ]
  [0.02825847 0.60397965 0.17439201]
  [0.7838974  0.16260853 0.12021372]]

 ...

 [[0.6170019  0.5955197  0.05859348]
  [0.7123375  0.6405452  0.12312657]
  [0.03741562 0.446218   0.10824692]
  ...
  [0.6277127  0.1434935  0.84398305]
  [0.57848144 0.07077008 0.5700412 ]
  [0.76856804 0.36677355 0.3208032 ]]

 [[0.9326603  0.796597   0.5226805 ]
  [0.41828308 0.2039145  0.05770338]
  [0.6254509  0.38010752 0.83932245]
  ...
  [0.53755265 0.8510576  0.42915243]
  [0.1669043  0.6743182  0.3781585 ]
  [0.641801   0.32732794 0.6117698 ]]

 [[0.6120168  0.23740795 0.16445571]
  [0.7975997  0.49600202 0.7042687 ]
  [0.85845125 0.8660855  0.6003514 ]
  ...
  [0.32020527 0.38495696 0.41854677]
  [0.6154101  0.3617944  0.25174743]
  [0.547549   0.15545973 0.41627538]]]
Iter: 80
D loss: 0.5677
G_loss: 0.7451
 
[[[0.19093841 0.9400657  0.81644076]
  [0.36719686 0.9673281  0.8735858 ]
  [0.85075414 0.33109117 0.07591301]
  ...
  [0.45256752 0.3782439  0.22324708]
  [0.695778   0.22956994 0.00411335]
  [0.09766802 0.6712151  0.5305209 ]]

 [[0.4200876  0.8756792  0.18354502]
  [0.6377548  0.05284035 0.42421693]
  [0.8240355  0.1411561  0.7963239 ]
  ...
  [0.50872165 0.10366347 0.36398298]
  [0.27054417 0.11692855 0.00759387]
  [0.830151   0.6451123  0.19179538]]

 [[0.15377074 0.36468214 0.5201223 ]
  [0.7903745  0.01253411 0.7787098 ]
  [0.02670747 0.82208854 0.7126485 ]
  ...
  [0.9900016  0.91252995 0.07924411]
  [0.45498273 0.2586389  0.68545127]
  [0.08400971 0.91945523 0.70573837]]

 ...

 [[0.7263242  0.5760486  0.6123433 ]
  [0.73795855 0.3424866  0.622473  ]
  [0.69036883 0.29872924 0.23919445]
  ...
  [0.85918355 0.63213134 0.775874  ]
  [0.12808385 0.16591182 0.03165472]
  [0.92239165 0.144236   0.17010391]]

 [[0.6638302  0.39350516 0.8461356 ]
  [0.64675707 0.68508756 0.7706156 ]
  [0.38703087 0.65138906 0.33629674]
  ...
  [0.5308565  0.9581213  0.37891644]
  [0.8620781  0.806767   0.9584806 ]
  [0.78070843 0.6282383  0.0675661 ]]

 [[0.7585014  0.30345583 0.43474326]
  [0.4718121  0.71530277 0.33787417]
  [0.5360831  0.5492412  0.46916538]
  ...
  [0.9913415  0.9196531  0.1663261 ]
  [0.67583215 0.7226294  0.05377477]
  [0.16013467 0.18534476 0.20475277]]]
Iter: 90
D loss: 0.5482
G_loss: 0.8163
 
not training discriminator
[[[0.8550931  0.30371425 0.6104168 ]
  [0.6725222  0.35171288 0.3647225 ]
  [0.06353936 0.68242764 0.5940232 ]
  ...
  [0.31602865 0.9074259  0.37907034]
  [0.6383387  0.4194951  0.11089629]
  [0.41854912 0.43350834 0.77035743]]

 [[0.8129869  0.7270754  0.75117683]
  [0.68262094 0.2802555  0.22682709]
  [0.62504256 0.08267254 0.11912721]
  ...
  [0.27196914 0.6404699  0.86297446]
  [0.5678276  0.3268081  0.62115103]
  [0.7994407  0.5269451  0.16268876]]

 [[0.5858048  0.26997378 0.59788054]
  [0.59317744 0.9861993  0.69699526]
  [0.17795464 0.39300272 0.07970238]
  ...
  [0.927136   0.975847   0.682851  ]
  [0.05695695 0.8380175  0.20869514]
  [0.73404646 0.24550384 0.30305076]]

 ...

 [[0.8472645  0.722221   0.6039466 ]
  [0.6819162  0.48578742 0.37977803]
  [0.87051857 0.175309   0.8114662 ]
  ...
  [0.878364   0.94067097 0.76692975]
  [0.7358546  0.9337422  0.6176479 ]
  [0.916      0.77824146 0.5019661 ]]

 [[0.8929741  0.79163516 0.73921406]
  [0.32107556 0.703218   0.36168373]
  [0.29350144 0.81526625 0.8580878 ]
  ...
  [0.96618927 0.99031216 0.70533144]
  [0.69050354 0.8587606  0.69751334]
  [0.8198367  0.877918   0.33201423]]

 [[0.69211674 0.360377   0.1879246 ]
  [0.8666846  0.80190575 0.564255  ]
  [0.8796058  0.81200004 0.6681309 ]
  ...
  [0.9533616  0.8690139  0.64039826]
  [0.65644085 0.5378207  0.61893576]
  [0.6129591  0.63306606 0.4749494 ]]]
Iter: 100
D loss: 0.5787
G_loss: 0.8684
 
not training discriminator
[[[0.78655076 0.49063724 0.6458896 ]
  [0.5726552  0.26038507 0.3651967 ]
  [0.14013755 0.71108997 0.18882778]
  ...
  [0.55739325 0.8981305  0.865817  ]
  [0.48107445 0.6507251  0.7479762 ]
  [0.6437285  0.5811157  0.6063153 ]]

 [[0.7871977  0.6770434  0.8188216 ]
  [0.724856   0.27161133 0.24243441]
  [0.78636837 0.3068385  0.4562889 ]
  ...
  [0.15157834 0.194922   0.6994757 ]
  [0.79585874 0.6083386  0.6339066 ]
  [0.80341923 0.40712434 0.5089524 ]]

 [[0.4786322  0.68975854 0.490125  ]
  [0.5972926  0.9694071  0.89991903]
  [0.1474961  0.73370636 0.04534677]
  ...
  [0.2119045  0.98934615 0.84342885]
  [0.91402805 0.9599059  0.19913268]
  [0.9277723  0.14731508 0.82978344]]

 ...

 [[0.78940535 0.6806625  0.6457418 ]
  [0.80464315 0.66370225 0.44894302]
  [0.8592719  0.7020326  0.5580507 ]
  ...
  [0.78355396 0.7854316  0.6649154 ]
  [0.38935438 0.44996324 0.4013334 ]
  [0.85373515 0.6760097  0.55666304]]

 [[0.7896807  0.852103   0.3222418 ]
  [0.9228606  0.6804602  0.8067839 ]
  [0.949341   0.86536336 0.71552736]
  ...
  [0.8888898  0.96099544 0.6597924 ]
  [0.8573799  0.8475542  0.7572607 ]
  [0.71611524 0.80086493 0.3417012 ]]

 [[0.5964983  0.6112483  0.38825434]
  [0.7620303  0.38464385 0.3886361 ]
  [0.68090266 0.7684206  0.28792173]
  ...
  [0.760909   0.83742136 0.7456511 ]
  [0.74528766 0.60208994 0.32938612]
  [0.6222197  0.31460974 0.4597698 ]]]
Iter: 110
D loss: 0.5954
G_loss: 0.8929
 
not training discriminator
[[[0.540182   0.77986693 0.5930292 ]
  [0.72412455 0.7151203  0.7081762 ]
  [0.6241363  0.7802124  0.6611039 ]
  ...
  [0.44760755 0.7793318  0.7208415 ]
  [0.6373947  0.5316685  0.67898226]
  [0.51859164 0.6474247  0.7280878 ]]

 [[0.7495227  0.7244437  0.6253848 ]
  [0.49264282 0.6013791  0.6831295 ]
  [0.79837453 0.60522586 0.8164699 ]
  ...
  [0.23125407 0.76564634 0.8855212 ]
  [0.6209661  0.62594825 0.69415915]
  [0.7842487  0.5313711  0.60474193]]

 [[0.8090626  0.7524688  0.6985637 ]
  [0.91207707 0.77466977 0.7266376 ]
  [0.8432444  0.9179238  0.6848549 ]
  ...
  [0.9298661  0.98189235 0.88147956]
  [0.7825092  0.8888129  0.4792456 ]
  [0.83836824 0.429496   0.7249583 ]]

 ...

 [[0.36674783 0.49362713 0.692387  ]
  [0.08178896 0.02383378 0.0821968 ]
  [0.5523418  0.22008765 0.01202419]
  ...
  [0.8231995  0.8684912  0.8610155 ]
  [0.75046164 0.8323792  0.50597984]
  [0.9417634  0.6720402  0.76733613]]

 [[0.2810617  0.81388235 0.02428034]
  [0.40348193 0.31972003 0.22057387]
  [0.0484896  0.24456275 0.01142934]
  ...
  [0.935979   0.96389735 0.82359266]
  [0.83318084 0.70984924 0.7356619 ]
  [0.8906532  0.7187572  0.5532494 ]]

 [[0.21709031 0.59166175 0.3850343 ]
  [0.30822414 0.49107745 0.48306343]
  [0.20956129 0.76518106 0.15776974]
  ...
  [0.9120046  0.7252393  0.6527419 ]
  [0.84233814 0.5801123  0.5156266 ]
  [0.6752379  0.6185359  0.51872796]]]
Iter: 120
D loss: 0.6188
G_loss: 0.8615
 
not training discriminator
[[[0.47795445 0.6957171  0.6796316 ]
  [0.64150226 0.6903845  0.6517145 ]
  [0.7722814  0.6509625  0.6446493 ]
  ...
  [0.70004374 0.72302383 0.753217  ]
  [0.45572063 0.6339784  0.64989007]
  [0.57518166 0.7107632  0.635565  ]]

 [[0.48830178 0.5220333  0.66243607]
  [0.40895206 0.45780617 0.4231344 ]
  [0.56263155 0.49371228 0.7882921 ]
  ...
  [0.26917446 0.18253154 0.7141147 ]
  [0.53181696 0.43431193 0.70522225]
  [0.5814707  0.42766312 0.39580172]]

 [[0.63591516 0.62098473 0.5820838 ]
  [0.7986829  0.70796144 0.54810184]
  [0.8981136  0.77102363 0.6174263 ]
  ...
  [0.4718987  0.9681175  0.75854516]
  [0.9006503  0.9173038  0.18704784]
  [0.83900046 0.07311589 0.5395925 ]]

 ...

 [[0.66889536 0.51550955 0.529222  ]
  [0.6391023  0.5547507  0.47099084]
  [0.602959   0.78016174 0.69094753]
  ...
  [0.898551   0.774463   0.6478294 ]
  [0.31796187 0.48571    0.20341706]
  [0.28343654 0.7117209  0.65891963]]

 [[0.79695994 0.6019383  0.72868514]
  [0.74945235 0.4007791  0.5633906 ]
  [0.6719549  0.71159303 0.7415487 ]
  ...
  [0.9040285  0.8712209  0.80488485]
  [0.9825752  0.49869007 0.87194836]
  [0.81006336 0.6421952  0.33940506]]

 [[0.69904006 0.43650186 0.53763276]
  [0.79620004 0.58748055 0.44493908]
  [0.54218435 0.66902673 0.4326668 ]
  ...
  [0.9187398  0.5693901  0.13581008]
  [0.77280426 0.6981894  0.09615925]
  [0.20924342 0.6002144  0.57538676]]]
Iter: 130
D loss: 0.6131
G_loss: 0.9091
 
not training discriminator
[[[4.8897305e-01 5.0919521e-01 7.4070889e-01]
  [6.3147086e-01 6.2743878e-01 8.2304376e-01]
  [8.1024408e-01 5.5613589e-01 7.4819326e-01]
  ...
  [6.7151511e-01 4.7029212e-01 4.2159787e-01]
  [8.3920455e-01 5.9182858e-01 2.5201938e-01]
  [5.1010454e-01 4.2117482e-01 8.0821949e-01]]

 [[6.4195770e-01 4.3235916e-01 7.3437452e-01]
  [6.5170085e-01 5.9129775e-01 5.6904364e-01]
  [5.8731449e-01 3.2868499e-01 8.2869971e-01]
  ...
  [5.9508699e-01 8.3308101e-01 6.4406461e-01]
  [7.4463201e-01 8.7743151e-01 7.0829630e-01]
  [3.7720671e-01 3.8188660e-01 7.5895333e-01]]

 [[8.3835369e-01 5.9545541e-01 5.0717598e-01]
  [5.2002996e-01 7.1637344e-01 7.6952964e-01]
  [8.3740222e-01 8.3147764e-01 7.6395917e-01]
  ...
  [8.2238102e-01 9.4575214e-01 4.9197379e-01]
  [7.5609833e-01 8.4241754e-01 8.0905104e-01]
  [6.8742430e-01 3.4047818e-01 7.5969917e-01]]

 ...

 [[7.5231826e-01 4.7111908e-01 7.1131986e-01]
  [7.9657841e-01 5.7642430e-01 4.6073809e-01]
  [6.8891358e-01 6.9222623e-01 6.6022283e-01]
  ...
  [4.3076277e-04 1.5042305e-02 3.5158771e-01]
  [1.8291879e-01 3.0140489e-02 5.4702163e-04]
  [4.2961240e-03 1.1128402e-01 7.5353301e-01]]

 [[8.7703896e-01 5.7183444e-01 7.0928538e-01]
  [7.2613919e-01 4.3043810e-01 6.0287106e-01]
  [9.5036763e-01 7.0861226e-01 8.3609670e-01]
  ...
  [0.0000000e+00 4.3857634e-02 4.0332970e-01]
  [0.0000000e+00 9.5653027e-02 1.7881393e-06]
  [9.3892682e-01 1.2362003e-04 8.5385162e-01]]

 [[7.4555826e-01 4.4283032e-01 6.5993208e-01]
  [8.6329663e-01 6.8404841e-01 4.6537587e-01]
  [6.8181837e-01 7.3510343e-01 4.6610585e-01]
  ...
  [4.1406155e-03 5.1429629e-02 1.4981186e-01]
  [9.6339095e-01 3.2580814e-01 4.4162571e-01]
  [2.5670174e-01 3.6980265e-01 3.6885804e-01]]]
Iter: 140
D loss: 0.6112
G_loss: 0.9469
 
not training discriminator
[[[0.6019969  0.5212393  0.60015035]
  [0.5634792  0.72586125 0.6599269 ]
  [0.7287389  0.6269971  0.6659144 ]
  ...
  [0.50386006 0.6713184  0.7610794 ]
  [0.59023345 0.50348574 0.72342515]
  [0.6463213  0.5558257  0.67902124]]

 [[0.6735458  0.5466555  0.6777594 ]
  [0.56254214 0.5622337  0.56318456]
  [0.7943318  0.402341   0.7639363 ]
  ...
  [0.4436533  0.4662512  0.73099446]
  [0.67977315 0.41242772 0.6680366 ]
  [0.69690835 0.3677026  0.61351365]]

 [[0.74209654 0.40488818 0.6421205 ]
  [0.8515818  0.6665267  0.6947512 ]
  [0.79693663 0.52671695 0.6127333 ]
  ...
  [0.80790055 0.8861511  0.71946084]
  [0.9239466  0.7337505  0.6326081 ]
  [0.8588846  0.440814   0.6795277 ]]

 ...

 [[0.88769007 0.70513684 0.86496174]
  [0.87457216 0.8828746  0.36529297]
  [0.88972557 0.7648221  0.74177253]
  ...
  [0.8434905  0.9418585  0.6644769 ]
  [0.5863345  0.48280346 0.66726756]
  [0.5052743  0.6325335  0.58699936]]

 [[0.91731274 0.52367496 0.6365663 ]
  [0.57443184 0.7557521  0.3037548 ]
  [0.88712656 0.42909557 0.8445008 ]
  ...
  [0.8386698  0.7038137  0.7067943 ]
  [0.9480343  0.5482303  0.7842877 ]
  [0.74706244 0.6932272  0.45830545]]

 [[0.6856028  0.56117487 0.6332898 ]
  [0.7869958  0.891059   0.38104168]
  [0.79994416 0.6020164  0.5759231 ]
  ...
  [0.8700284  0.681499   0.4481158 ]
  [0.73681694 0.5803436  0.4271449 ]
  [0.6626697  0.65033114 0.6467778 ]]]
Iter: 150
D loss: 0.6294
G_loss: 0.8827
 
not training discriminator
[[[0.509151   0.6122707  0.59442383]
  [0.49046665 0.67700183 0.7333987 ]
  [0.7449268  0.7125517  0.635656  ]
  ...
  [0.46069303 0.5770035  0.7406618 ]
  [0.60210925 0.59227854 0.65370494]
  [0.6838163  0.63406    0.6718314 ]]

 [[0.60276824 0.5904698  0.6512489 ]
  [0.66748023 0.6241941  0.5920287 ]
  [0.7725919  0.45013335 0.73125434]
  ...
  [0.5556599  0.2999648  0.7328123 ]
  [0.6338523  0.43610388 0.69609445]
  [0.4782056  0.39775723 0.4282443 ]]

 [[0.7650926  0.57150775 0.6204784 ]
  [0.6996354  0.66285384 0.6420431 ]
  [0.86691296 0.8031498  0.6481483 ]
  ...
  [0.85452247 0.9769298  0.6319871 ]
  [0.9643356  0.8622242  0.43566337]
  [0.7270858  0.26806897 0.59370345]]

 ...

 [[0.7687326  0.512214   0.719836  ]
  [0.85648656 0.575709   0.3162616 ]
  [0.8888554  0.7037424  0.57642806]
  ...
  [0.47571987 0.82720274 0.50167996]
  [0.6537198  0.5410609  0.30924284]
  [0.82525766 0.4273593  0.6254096 ]]

 [[0.78502357 0.53230983 0.49702853]
  [0.7053192  0.7149893  0.66296476]
  [0.8290968  0.5442992  0.8395513 ]
  ...
  [0.9226044  0.8075193  0.3730783 ]
  [0.8639842  0.27673116 0.84674156]
  [0.79712576 0.63883543 0.7657505 ]]

 [[0.7178379  0.6544635  0.59922194]
  [0.7423383  0.4539723  0.28262803]
  [0.7249115  0.7522638  0.5835468 ]
  ...
  [0.5266417  0.36921003 0.44182497]
  [0.75090784 0.4968753  0.47552508]
  [0.53670615 0.7220255  0.5331532 ]]]
Iter: 160
D loss: 0.642
G_loss: 0.8537
 
[[[0.4943091  0.6648232  0.65961194]
  [0.5190241  0.6151094  0.6658807 ]
  [0.76634395 0.34504122 0.6912905 ]
  ...
  [0.49413434 0.6488321  0.65987146]
  [0.77036786 0.41131347 0.56535804]
  [0.55688167 0.5245362  0.71359205]]

 [[0.6389631  0.31313714 0.755303  ]
  [0.500134   0.58357304 0.5700354 ]
  [0.5977653  0.32101327 0.78539073]
  ...
  [0.41994858 0.40439516 0.7548369 ]
  [0.6941709  0.5819064  0.6886561 ]
  [0.54108965 0.3784845  0.7284085 ]]

 [[0.5349814  0.4686671  0.67311907]
  [0.59247917 0.55059487 0.6818321 ]
  [0.82954395 0.56508046 0.7850914 ]
  ...
  [0.7685566  0.7237294  0.5770869 ]
  [0.93759286 0.7007123  0.72743994]
  [0.58100396 0.49159783 0.5902915 ]]

 ...

 [[0.6556255  0.39523906 0.7046233 ]
  [0.7355641  0.538517   0.49067587]
  [0.7729184  0.59904826 0.7234632 ]
  ...
  [0.6430703  0.7343406  0.55552703]
  [0.4914807  0.30384058 0.3742079 ]
  [0.39557415 0.51100296 0.5292187 ]]

 [[0.76807106 0.42828602 0.7865909 ]
  [0.65535116 0.4726722  0.6383418 ]
  [0.596829   0.47921675 0.77845395]
  ...
  [0.7427748  0.9370534  0.48540765]
  [0.7489962  0.83640695 0.59966683]
  [0.89106846 0.1876446  0.5358996 ]]

 [[0.6344266  0.4555252  0.6262265 ]
  [0.7152186  0.39533776 0.395935  ]
  [0.61390233 0.60133773 0.5650252 ]
  ...
  [0.45967343 0.4237097  0.57724804]
  [0.72350985 0.6995282  0.60288835]
  [0.563392   0.4075253  0.48238248]]]
Iter: 170
D loss: 0.6338
G_loss: 0.9478
 
not training discriminator
[[[0.45472115 0.6619693  0.53068715]
  [0.3941299  0.7069107  0.6264509 ]
  [0.63147426 0.5520896  0.64330614]
  ...
  [0.6148264  0.69549173 0.77120554]
  [0.601937   0.34091604 0.47939873]
  [0.6914287  0.7914829  0.7594521 ]]

 [[0.5778192  0.45142043 0.6288377 ]
  [0.5556903  0.66292506 0.5940196 ]
  [0.6803602  0.42046416 0.72650045]
  ...
  [0.618232   0.20148343 0.68308944]
  [0.47692192 0.46258587 0.7339083 ]
  [0.6051498  0.7036228  0.54557014]]

 [[0.5718603  0.47410524 0.66087043]
  [0.84560776 0.5174123  0.633603  ]
  [0.8758118  0.6098345  0.7300665 ]
  ...
  [0.72533214 0.9465102  0.662124  ]
  [0.84824014 0.760061   0.2828529 ]
  [0.7104243  0.2793221  0.52986217]]

 ...

 [[0.5964586  0.441383   0.6587074 ]
  [0.6198238  0.46966416 0.36771506]
  [0.62524414 0.45078012 0.6503109 ]
  ...
  [0.64767486 0.5802438  0.6866499 ]
  [0.6326872  0.56423986 0.6007421 ]
  [0.709838   0.5210866  0.7296785 ]]

 [[0.73159504 0.51241934 0.65510696]
  [0.5355215  0.5630674  0.53274983]
  [0.8240262  0.5303305  0.67863506]
  ...
  [0.8030939  0.7461274  0.7027774 ]
  [0.66837966 0.5059384  0.7915627 ]
  [0.7638879  0.6016538  0.61407894]]

 [[0.64255357 0.49408382 0.56408143]
  [0.7022961  0.5807051  0.4171133 ]
  [0.666394   0.5284393  0.53121656]
  ...
  [0.75014526 0.48411593 0.4769226 ]
  [0.7581145  0.4359083  0.6034282 ]
  [0.6658963  0.63023055 0.63331103]]]
Iter: 180
D loss: 0.6447
G_loss: 0.9063
 
not training discriminator
[[[0.6705135  0.60086066 0.5768325 ]
  [0.4998282  0.639431   0.65375364]
  [0.6156466  0.7468256  0.3921787 ]
  ...
  [0.5389323  0.7054294  0.65518105]
  [0.6300377  0.3233718  0.52965915]
  [0.48570904 0.5032959  0.5775705 ]]

 [[0.7681699  0.43801728 0.7326459 ]
  [0.83027995 0.776556   0.36733776]
  [0.8462939  0.3980011  0.788342  ]
  ...
  [0.23165658 0.48324507 0.7048975 ]
  [0.6277778  0.55511343 0.6047656 ]
  [0.44215703 0.41903532 0.6913635 ]]

 [[0.21882361 0.6844492  0.6547891 ]
  [0.93642044 0.9195094  0.8596594 ]
  [0.7986213  0.3125276  0.09828648]
  ...
  [0.48433915 0.7200521  0.5435836 ]
  [0.72236884 0.6649813  0.7507701 ]
  [0.6090139  0.6085836  0.52279675]]

 ...

 [[0.55206937 0.5289657  0.54831874]
  [0.48187637 0.511142   0.46391165]
  [0.5906489  0.6083069  0.5255319 ]
  ...
  [0.36112314 0.5197348  0.49997726]
  [0.48323467 0.5877149  0.5596066 ]
  [0.5181034  0.5559799  0.5636068 ]]

 [[0.65192354 0.5799784  0.6574382 ]
  [0.6862751  0.46408674 0.56065047]
  [0.8235918  0.5822891  0.6879761 ]
  ...
  [0.6971555  0.6515022  0.5478268 ]
  [0.7559415  0.619915   0.5501484 ]
  [0.6937816  0.6272778  0.4596933 ]]

 [[0.613375   0.475548   0.58300865]
  [0.65020967 0.59469616 0.513416  ]
  [0.60524845 0.59500456 0.45119473]
  ...
  [0.6761594  0.5092924  0.47071803]
  [0.66551626 0.5329682  0.43547833]
  [0.5777336  0.5359498  0.52153134]]]
Iter: 190
D loss: 0.6352
G_loss: 0.8771
 
not training discriminator
[[[0.42922947 0.6093317  0.546038  ]
  [0.4475421  0.6371513  0.6206294 ]
  [0.5783013  0.53075814 0.62372184]
  ...
  [0.4593374  0.6114869  0.6320036 ]
  [0.5280823  0.4679549  0.49362192]
  [0.51545715 0.4986727  0.6024794 ]]

 [[0.5595336  0.47212434 0.6046741 ]
  [0.39263463 0.5733827  0.49979916]
  [0.46822977 0.4870113  0.6212553 ]
  ...
  [0.36363012 0.54776865 0.6602454 ]
  [0.61740345 0.5194769  0.53703743]
  [0.52255744 0.41853857 0.6410829 ]]

 [[0.5733506  0.54031956 0.50529885]
  [0.49265638 0.5887064  0.5440488 ]
  [0.60325813 0.5607909  0.47223517]
  ...
  [0.38350403 0.58135575 0.5025547 ]
  [0.7158454  0.65998375 0.51610583]
  [0.57711667 0.58168095 0.5681551 ]]

 ...

 [[0.65193367 0.4536744  0.6207161 ]
  [0.58846796 0.568896   0.47899178]
  [0.5801665  0.58011055 0.59211624]
  ...
  [0.55104065 0.6683327  0.647197  ]
  [0.725215   0.64125484 0.6314904 ]
  [0.70793355 0.54322916 0.6936962 ]]

 [[0.700159   0.5500058  0.59572506]
  [0.69590765 0.5867112  0.6220212 ]
  [0.74533194 0.60514146 0.7322905 ]
  ...
  [0.84899867 0.7502583  0.5827936 ]
  [0.8145984  0.2506113  0.8615012 ]
  [0.8216685  0.67989194 0.7560849 ]]

 [[0.6677505  0.5114905  0.59707665]
  [0.6321508  0.5172693  0.4893283 ]
  [0.6681497  0.6031074  0.50981534]
  ...
  [0.5518427  0.5462687  0.39773688]
  [0.8458958  0.3439799  0.63233316]
  [0.56890565 0.7630855  0.69464064]]]
Iter: 200
D loss: 0.6221
G_loss: 0.9136
 
not training discriminator
[[[0.44766667 0.5711597  0.5180343 ]
  [0.46445256 0.5744236  0.67331713]
  [0.5254736  0.61931837 0.5600215 ]
  ...
  [0.48513332 0.79344356 0.57589495]
  [0.7504137  0.37135512 0.5590405 ]
  [0.61921686 0.69540495 0.79567397]]

 [[0.59830415 0.55405515 0.5789253 ]
  [0.49391514 0.609672   0.5344363 ]
  [0.57308215 0.5268318  0.62813956]
  ...
  [0.76513743 0.47888502 0.46832928]
  [0.7440478  0.5851025  0.7311392 ]
  [0.5635531  0.6087674  0.5143919 ]]

 [[0.5714724  0.54028994 0.52209014]
  [0.5158682  0.6264627  0.5818191 ]
  [0.5595629  0.67186683 0.51901734]
  ...
  [0.5671735  0.88640285 0.65410084]
  [0.9461225  0.82862985 0.82075876]
  [0.6432914  0.55559385 0.5015663 ]]

 ...

 [[0.6544182  0.5759183  0.64117277]
  [0.5840056  0.66042674 0.55484086]
  [0.58430135 0.7035242  0.59585655]
  ...
  [0.5315513  0.7546958  0.5059442 ]
  [0.621593   0.691696   0.56475234]
  [0.5538312  0.66179514 0.6473748 ]]

 [[0.72126025 0.51085746 0.6541346 ]
  [0.5559662  0.5879364  0.50893104]
  [0.7586183  0.59184283 0.679235  ]
  ...
  [0.7272303  0.6273373  0.67877287]
  [0.8197011  0.65029025 0.57566273]
  [0.76327085 0.66589224 0.48365712]]

 [[0.67254746 0.5115163  0.6146467 ]
  [0.7228843  0.5419012  0.45417538]
  [0.6306975  0.67065096 0.45540285]
  ...
  [0.7575307  0.61553717 0.46434894]
  [0.71765244 0.6355595  0.47459263]
  [0.5642892  0.66935694 0.60695773]]]
Iter: 210
D loss: 0.6676
G_loss: 0.9638
 
not training discriminator
[[[0.5233344  0.64328134 0.53416896]
  [0.52544713 0.7340199  0.6092135 ]
  [0.8255789  0.52859837 0.63534844]
  ...
  [0.5090613  0.6181811  0.59151155]
  [0.6178132  0.342151   0.5627477 ]
  [0.58578914 0.53959304 0.7116474 ]]

 [[0.74972636 0.53477925 0.6232976 ]
  [0.6257435  0.71582425 0.68533313]
  [0.58919865 0.3285907  0.747109  ]
  ...
  [0.55347306 0.48271763 0.5547684 ]
  [0.6659677  0.5025145  0.5737649 ]
  [0.63125724 0.5109178  0.51203203]]

 [[0.3960017  0.5139442  0.659368  ]
  [0.725515   0.67586917 0.8193437 ]
  [0.97177035 0.5953176  0.8617958 ]
  ...
  [0.58155    0.620173   0.43762577]
  [0.73612    0.70133895 0.50203127]
  [0.6372078  0.5140368  0.52978545]]

 ...

 [[0.6077415  0.4752494  0.525473  ]
  [0.48168817 0.38058627 0.3711393 ]
  [0.5607254  0.45651996 0.42879865]
  ...
  [0.5548628  0.45033202 0.4572372 ]
  [0.6612787  0.5101597  0.50763106]
  [0.5968485  0.45668834 0.53360695]]

 [[0.6685152  0.5035216  0.59886813]
  [0.5540623  0.5173762  0.4664586 ]
  [0.6312894  0.46615714 0.5041919 ]
  ...
  [0.6640539  0.49874538 0.51376635]
  [0.7415775  0.5086904  0.5028387 ]
  [0.6736126  0.56169987 0.46755624]]

 [[0.64540887 0.45611176 0.5220445 ]
  [0.66144    0.47500208 0.44440144]
  [0.6230159  0.4830066  0.4756618 ]
  ...
  [0.7020124  0.48443082 0.46985385]
  [0.67935634 0.5050614  0.44203514]
  [0.62740403 0.52971417 0.49632046]]]
Iter: 220
D loss: 0.6358
G_loss: 0.6911
 
[[[0.4769296  0.61292267 0.54366666]
  [0.48627952 0.5728883  0.63442886]
  [0.5937123  0.5306381  0.64537585]
  ...
  [0.48270726 0.5585351  0.66700965]
  [0.5876184  0.48831022 0.60868835]
  [0.53559124 0.50258046 0.65257454]]

 [[0.6256062  0.52130973 0.59271437]
  [0.55802006 0.50329465 0.61870456]
  [0.53065556 0.47380766 0.68286395]
  ...
  [0.54970604 0.4625054  0.62411433]
  [0.6532265  0.464004   0.63115805]
  [0.5967015  0.4771319  0.58245987]]

 [[0.55768913 0.5107067  0.57453257]
  [0.5730247  0.52938414 0.6264335 ]
  [0.64317554 0.48943555 0.59585077]
  ...
  [0.5354686  0.528237   0.5925871 ]
  [0.72244227 0.5694518  0.54570407]
  [0.6325479  0.515989   0.5555379 ]]

 ...

 [[0.6127894  0.3612139  0.65611714]
  [0.5055628  0.44106838 0.56120014]
  [0.37890872 0.5077006  0.5128199 ]
  ...
  [0.55587643 0.665176   0.52937824]
  [0.56618625 0.65630233 0.59178233]
  [0.64620376 0.5699569  0.67485446]]

 [[0.6057303  0.506238   0.48068795]
  [0.64048415 0.50267357 0.45734274]
  [0.27041316 0.72462714 0.58538586]
  ...
  [0.81398857 0.48972932 0.48001015]
  [0.65725744 0.21307707 0.76027846]
  [0.8175503  0.4914754  0.7585564 ]]

 [[0.6405626  0.52785707 0.6802038 ]
  [0.35217637 0.5507137  0.5087431 ]
  [0.4477226  0.7005291  0.43276328]
  ...
  [0.5638896  0.46814328 0.47685242]
  [0.77502555 0.39647186 0.611954  ]
  [0.4178076  0.64905405 0.666321  ]]]
Iter: 230
D loss: 0.6872
G_loss: 0.8884
 
[[[0.51555455 0.6112786  0.5352626 ]
  [0.52600384 0.5873671  0.6564582 ]
  [0.5982469  0.62503254 0.61744213]
  ...
  [0.62008446 0.6104346  0.6374855 ]
  [0.58155423 0.48599365 0.5587786 ]
  [0.61813307 0.53054136 0.62515527]]

 [[0.61160856 0.56846285 0.5756053 ]
  [0.56878793 0.5950923  0.60866165]
  [0.6203182  0.54305786 0.65513694]
  ...
  [0.5342704  0.60970247 0.6160644 ]
  [0.6729716  0.58106625 0.6573366 ]
  [0.6352861  0.50093627 0.5620996 ]]

 [[0.64512616 0.5833653  0.54793394]
  [0.6155443  0.5955216  0.5890135 ]
  [0.6706881  0.62027466 0.5524108 ]
  ...
  [0.62329996 0.7176706  0.63457143]
  [0.68588054 0.6699534  0.5699102 ]
  [0.67404157 0.57617664 0.5836849 ]]

 ...

 [[0.6702953  0.5737258  0.57570934]
  [0.6481775  0.5618456  0.56539845]
  [0.64587533 0.6287943  0.60152805]
  ...
  [0.64678204 0.6362958  0.55826956]
  [0.6978277  0.6083028  0.5255202 ]
  [0.66548336 0.5563504  0.5798593 ]]

 [[0.6827148  0.5967806  0.5983045 ]
  [0.66914606 0.56958336 0.635874  ]
  [0.6871445  0.6040448  0.56985813]
  ...
  [0.7267225  0.62862206 0.59466684]
  [0.7275279  0.58531255 0.54598814]
  [0.7019299  0.59644777 0.53584677]]

 [[0.6677793  0.5535127  0.5640888 ]
  [0.68800145 0.531125   0.53438216]
  [0.68062365 0.5894276  0.57875293]
  ...
  [0.69662714 0.5688925  0.5547836 ]
  [0.7045631  0.57267606 0.54715574]
  [0.63209116 0.58660585 0.54835385]]]
Iter: 240
D loss: 0.6665
G_loss: 0.905
 
not training discriminator
[[[4.8193005e-01 6.1982435e-01 5.4076838e-01]
  [4.8728013e-01 5.9805650e-01 6.1038071e-01]
  [5.1536804e-01 6.0488003e-01 5.9676588e-01]
  ...
  [5.6136709e-01 6.4289594e-01 6.2395811e-01]
  [6.3127512e-01 4.8878187e-01 5.6411135e-01]
  [5.7136071e-01 5.4066479e-01 5.7404077e-01]]

 [[5.6067222e-01 5.7911676e-01 5.5287427e-01]
  [5.2150053e-01 5.7606113e-01 5.8934349e-01]
  [5.3678298e-01 5.1819497e-01 5.7545269e-01]
  ...
  [5.4777414e-01 5.8563203e-01 6.5134913e-01]
  [6.9856858e-01 5.8315283e-01 5.8658910e-01]
  [6.0364372e-01 5.1401091e-01 6.2345362e-01]]

 [[5.7895499e-01 5.7664788e-01 5.1399344e-01]
  [5.6421936e-01 5.2573091e-01 5.2749872e-01]
  [5.7628185e-01 6.1021036e-01 5.2367216e-01]
  ...
  [5.9508491e-01 6.6192073e-01 5.8511502e-01]
  [6.9681621e-01 6.3702470e-01 5.9059888e-01]
  [6.7044204e-01 5.7729942e-01 5.7489908e-01]]

 ...

 [[9.5236504e-01 5.4648161e-01 9.6271169e-01]
  [7.3562825e-01 9.0315020e-01 9.9169695e-01]
  [9.9120003e-01 9.8112482e-01 9.9765027e-01]
  ...
  [5.9123844e-01 5.9944618e-01 5.2177012e-01]
  [6.8415332e-01 5.9948349e-01 5.2736616e-01]
  [6.4188695e-01 5.4710042e-01 5.3941655e-01]]

 [[1.0962546e-02 7.2946095e-01 9.5145524e-01]
  [1.7434481e-01 9.7707593e-01 2.2988567e-01]
  [9.6949935e-04 9.7886074e-01 9.7482491e-01]
  ...
  [6.6341698e-01 5.8136874e-01 5.6181186e-01]
  [7.1787024e-01 5.7088459e-01 4.9915573e-01]
  [6.5920889e-01 5.7079768e-01 4.8857051e-01]]

 [[5.2267677e-01 7.9162693e-01 7.2717106e-01]
  [2.4838388e-02 9.7692847e-01 9.7638857e-01]
  [2.5249460e-01 9.0818572e-01 9.8831749e-01]
  ...
  [6.4957649e-01 5.6583250e-01 5.3882116e-01]
  [6.5760732e-01 5.6211358e-01 5.0675231e-01]
  [6.0865951e-01 5.7279950e-01 5.1492029e-01]]]
Iter: 250
D loss: 0.6592
G_loss: 0.74
 
[[[0.4968212  0.6548938  0.53256726]
  [0.51730704 0.61066484 0.6308523 ]
  [0.58836627 0.61807024 0.5949219 ]
  ...
  [0.5015932  0.62403584 0.62867075]
  [0.5643703  0.56237304 0.57828057]
  [0.54544365 0.51391524 0.58919096]]

 [[0.6249758  0.5936937  0.5535062 ]
  [0.57572335 0.5635869  0.62172174]
  [0.54066485 0.5630946  0.66113734]
  ...
  [0.49746445 0.57435143 0.60085815]
  [0.63282067 0.5362688  0.57635146]
  [0.5956879  0.48209855 0.56241196]]

 [[0.58288383 0.5692192  0.60609806]
  [0.56900835 0.59778494 0.6347549 ]
  [0.61814606 0.6112453  0.6013803 ]
  ...
  [0.54022074 0.59868413 0.5799328 ]
  [0.65704876 0.585039   0.5406735 ]
  [0.62656766 0.54717714 0.562822  ]]

 ...

 [[0.67058593 0.5008521  0.6683602 ]
  [0.6548182  0.5643373  0.6451165 ]
  [0.58200926 0.6152736  0.64405876]
  ...
  [0.62110496 0.6631826  0.5477232 ]
  [0.644778   0.6070774  0.6030073 ]
  [0.60696745 0.60049397 0.588839  ]]

 [[0.6980609  0.5327832  0.6981583 ]
  [0.65185684 0.59968543 0.7062499 ]
  [0.42825395 0.6786274  0.69353414]
  ...
  [0.6637682  0.5977478  0.6039557 ]
  [0.7522187  0.573791   0.5812384 ]
  [0.6514807  0.6408582  0.52877855]]

 [[0.64636475 0.5281992  0.6244461 ]
  [0.63595825 0.55508363 0.56188816]
  [0.6056092  0.6298131  0.57514614]
  ...
  [0.6688249  0.5800415  0.5470498 ]
  [0.692881   0.52989733 0.47573277]
  [0.5924914  0.60360384 0.5757643 ]]]
Iter: 260
D loss: 0.743
G_loss: 0.3633
 
not training generator
[[[0.5890249  0.6140873  0.5737249 ]
  [0.5946394  0.5931551  0.65257555]
  [0.63478357 0.60058606 0.6053982 ]
  ...
  [0.5615853  0.62296104 0.62934375]
  [0.6236524  0.5083052  0.5756299 ]
  [0.567556   0.5385288  0.5798512 ]]

 [[0.6798575  0.59819216 0.59098804]
  [0.67216265 0.6215695  0.62880254]
  [0.6637765  0.5298878  0.6467117 ]
  ...
  [0.5643421  0.58398896 0.65563   ]
  [0.6949474  0.54128724 0.5993556 ]
  [0.641969   0.5035034  0.6254765 ]]

 [[0.72892755 0.6116619  0.5861347 ]
  [0.69458485 0.62970984 0.6173694 ]
  [0.6986702  0.64146006 0.6266732 ]
  ...
  [0.58970976 0.5993533  0.5849358 ]
  [0.69996405 0.5639324  0.5816014 ]
  [0.67834646 0.5524019  0.5683374 ]]

 ...

 [[0.72522956 0.641762   0.6669786 ]
  [0.7137518  0.6104256  0.63204736]
  [0.7551351  0.7001104  0.7017243 ]
  ...
  [0.6823723  0.6029338  0.5951682 ]
  [0.7280453  0.5930715  0.5650411 ]
  [0.6825159  0.5549168  0.5826245 ]]

 [[0.7206742  0.6114209  0.60736287]
  [0.70786893 0.59809333 0.68241966]
  [0.71611685 0.5688969  0.65128565]
  ...
  [0.7414895  0.6086247  0.62364966]
  [0.7410466  0.55668896 0.544465  ]
  [0.68747926 0.5867364  0.5317209 ]]

 [[0.68086946 0.6145038  0.61384267]
  [0.7315091  0.59720993 0.579561  ]
  [0.6983273  0.67268527 0.6266813 ]
  ...
  [0.69869834 0.57736164 0.5718051 ]
  [0.69948465 0.5723812  0.567538  ]
  [0.63529396 0.58475137 0.53851604]]]
Iter: 270
D loss: 0.6484
G_loss: 0.6986
 
[[[0.52687585 0.61591977 0.5720308 ]
  [0.557624   0.63581413 0.62665486]
  [0.53540945 0.5590368  0.5861621 ]
  ...
  [0.493016   0.6293072  0.6410026 ]
  [0.5636511  0.557635   0.5879304 ]
  [0.5317416  0.5364791  0.58789766]]

 [[0.6962906  0.6098301  0.6419915 ]
  [0.67007804 0.68163085 0.68098074]
  [0.6556575  0.6120708  0.64270127]
  ...
  [0.5011011  0.5884666  0.65910876]
  [0.59425145 0.5487407  0.5858389 ]
  [0.5787248  0.5100114  0.61271685]]

 [[0.64812195 0.5985434  0.59565437]
  [0.6957885  0.60857767 0.65416455]
  [0.5520958  0.62945473 0.61009735]
  ...
  [0.46549264 0.5480165  0.60427225]
  [0.5964308  0.5792     0.55764425]
  [0.5943747  0.5464153  0.5876827 ]]

 ...

 [[0.61552787 0.56361383 0.5950444 ]
  [0.57775855 0.56623006 0.60178554]
  [0.5693378  0.60543466 0.6000748 ]
  ...
  [0.9753655  0.7354217  0.78704834]
  [0.7681854  0.7475032  0.922258  ]
  [0.8470907  0.9124938  0.949816  ]]

 [[0.64262843 0.59332836 0.61927384]
  [0.6374302  0.5617296  0.6591297 ]
  [0.59293914 0.56841254 0.59528506]
  ...
  [0.9347991  0.87740785 0.89236903]
  [0.6435167  0.9740182  0.9616501 ]
  [0.9691938  0.44160268 0.9842627 ]]

 [[0.6316276  0.5386664  0.5729602 ]
  [0.64136827 0.5102151  0.5694019 ]
  [0.6086366  0.55395275 0.569712  ]
  ...
  [0.7552749  0.789734   0.9131422 ]
  [0.8482015  0.73762065 0.9051192 ]
  [0.65974355 0.5688764  0.8699745 ]]]
Iter: 280
D loss: 1.169
G_loss: 1.74
 
not training discriminator
[[[0.4927653  0.61496574 0.5376239 ]
  [0.47541893 0.5743941  0.592782  ]
  [0.48766345 0.57824516 0.5730842 ]
  ...
  [0.500556   0.60098845 0.58299035]
  [0.5573576  0.53298974 0.5675723 ]
  [0.5303074  0.50465447 0.5542039 ]]

 [[0.5459116  0.5660266  0.52319616]
  [0.4810495  0.5483783  0.5603661 ]
  [0.46712556 0.5035206  0.53972983]
  ...
  [0.4829024  0.53520656 0.5446321 ]
  [0.5857887  0.5189051  0.5216966 ]
  [0.5734359  0.46813342 0.5197649 ]]

 [[0.56473047 0.5516382  0.49386862]
  [0.49150002 0.49806765 0.5069311 ]
  [0.4729319  0.53764987 0.47468928]
  ...
  [0.47284284 0.53047186 0.49270532]
  [0.59202313 0.5196166  0.49283653]
  [0.57674694 0.505672   0.50362974]]

 ...

 [[0.61024535 0.53452694 0.52282524]
  [0.5101293  0.50310624 0.48955566]
  [0.50086564 0.514784   0.5035205 ]
  ...
  [0.8452883  0.80368173 0.84668314]
  [0.8169338  0.60568017 0.6728253 ]
  [0.74679565 0.66807425 0.743734  ]]

 [[0.6304156  0.5553798  0.53439885]
  [0.56475914 0.4911821  0.5787841 ]
  [0.5693471  0.52512544 0.5166955 ]
  ...
  [0.81654763 0.6992178  0.82496816]
  [0.8147055  0.6713724  0.81755614]
  [0.79309475 0.6482189  0.73609835]]

 [[0.61968356 0.527956   0.5307267 ]
  [0.5970882  0.48687273 0.5080232 ]
  [0.58352304 0.5268378  0.50493   ]
  ...
  [0.8146534  0.70793045 0.77407587]
  [0.78803545 0.62454927 0.6714118 ]
  [0.61573225 0.63307637 0.7063309 ]]]
Iter: 290
D loss: 0.6415
G_loss: 0.5954
 
[[[0.622493   0.6250435  0.57228255]
  [0.6066681  0.6117633  0.63254154]
  [0.6047617  0.6239102  0.6039551 ]
  ...
  [0.58513516 0.6315211  0.6293685 ]
  [0.5880045  0.57225823 0.5988265 ]
  [0.57080644 0.52685755 0.60357153]]

 [[0.6626414  0.61938065 0.58537567]
  [0.62754023 0.636505   0.6396332 ]
  [0.6218003  0.5850123  0.6455566 ]
  ...
  [0.5914049  0.5819593  0.61149883]
  [0.59737825 0.5847412  0.6195513 ]
  [0.6212037  0.5149134  0.57063454]]

 [[0.6849058  0.63787395 0.60362005]
  [0.67135006 0.66133523 0.65180653]
  [0.6478547  0.65146863 0.65393287]
  ...
  [0.5987537  0.64618623 0.64075327]
  [0.6089151  0.61136556 0.60474795]
  [0.59689337 0.59706247 0.60789984]]

 ...

 [[0.69223547 0.5919832  0.60426754]
  [0.6590353  0.6038413  0.6656732 ]
  [0.63988066 0.6463453  0.6811308 ]
  ...
  [0.5537524  0.6453733  0.6050492 ]
  [0.6388874  0.57938856 0.55366236]
  [0.60550004 0.5785644  0.60027   ]]

 [[0.705872   0.6182445  0.62903553]
  [0.6639451  0.6113208  0.6926445 ]
  [0.6182702  0.59172213 0.679256  ]
  ...
  [0.6471286  0.5918551  0.60173106]
  [0.6414118  0.5795272  0.56047624]
  [0.6505986  0.56815714 0.54656684]]

 [[0.65811664 0.5956752  0.6136995 ]
  [0.66348624 0.58463955 0.61803347]
  [0.60618615 0.616323   0.6022155 ]
  ...
  [0.64214087 0.5623689  0.595909  ]
  [0.6092477  0.56240904 0.5461902 ]
  [0.5691617  0.59927285 0.56146836]]]
Iter: 300
D loss: 0.6349
G_loss: 0.6404
 
[[[0.5491957  0.63931626 0.58030033]
  [0.5712307  0.608259   0.63014054]
  [0.57388294 0.6103342  0.62781787]
  ...
  [0.5674976  0.6341516  0.6267182 ]
  [0.60517085 0.568584   0.60060215]
  [0.572347   0.5428176  0.57626355]]

 [[0.6257063  0.6166348  0.5926303 ]
  [0.6165022  0.67276025 0.6318431 ]
  [0.5555214  0.5717512  0.5990859 ]
  ...
  [0.61968815 0.6243135  0.6651589 ]
  [0.64828044 0.57936287 0.58895767]
  [0.61807114 0.52624536 0.6011443 ]]

 [[0.62515306 0.5996287  0.5897049 ]
  [0.61338806 0.56535554 0.60431594]
  [0.60997534 0.6248113  0.6066275 ]
  ...
  [0.6316731  0.6043662  0.6338464 ]
  [0.65598273 0.6014156  0.59578574]
  [0.64232284 0.5558902  0.59092975]]

 ...

 [[0.6088359  0.5827893  0.58649075]
  [0.55856866 0.56339884 0.6126443 ]
  [0.5534622  0.600775   0.60322064]
  ...
  [0.6384477  0.634867   0.6016676 ]
  [0.669997   0.6500299  0.5983033 ]
  [0.62892705 0.610229   0.60208   ]]

 [[0.6380495  0.60044146 0.62581277]
  [0.6401496  0.56865054 0.6355926 ]
  [0.5908098  0.56105095 0.5970841 ]
  ...
  [0.65058404 0.61840165 0.60643595]
  [0.6467239  0.6140096  0.57271534]
  [0.6166155  0.6105573  0.55576307]]

 [[0.6089314  0.5402379  0.5902042 ]
  [0.6172097  0.52644455 0.5723981 ]
  [0.59890175 0.5704064  0.5817666 ]
  ...
  [0.6616314  0.6297664  0.6111293 ]
  [0.6601689  0.60381484 0.5973047 ]
  [0.6070953  0.62509584 0.5445398 ]]]
Iter: 310
D loss: 0.5881
G_loss: 0.7621
 
[[[0.61905205 0.6508052  0.57061094]
  [0.6691617  0.6513177  0.63666546]
  [0.6738055  0.655467   0.6186048 ]
  ...
  [0.5286965  0.57510203 0.58174   ]
  [0.570468   0.5520389  0.5834013 ]
  [0.56435245 0.5184702  0.6100615 ]]

 [[0.68242586 0.6409239  0.5634639 ]
  [0.65145373 0.6017832  0.6557651 ]
  [0.6753501  0.66766334 0.6454477 ]
  ...
  [0.5734379  0.57496697 0.59753895]
  [0.62366736 0.58243024 0.5886895 ]
  [0.5799695  0.5171219  0.56463116]]

 [[0.65632445 0.64396536 0.5933633 ]
  [0.68629205 0.62535495 0.6608536 ]
  [0.72308743 0.6317861  0.63255554]
  ...
  [0.64951444 0.6055526  0.65331423]
  [0.69996816 0.59534705 0.47242656]
  [0.56659025 0.6340615  0.6347881 ]]

 ...

 [[0.6585271  0.60074586 0.63151395]
  [0.6483762  0.5748267  0.61111504]
  [0.6590889  0.62441474 0.60835385]
  ...
  [0.99141556 0.9970314  0.9672129 ]
  [0.49328822 0.9850123  0.9760223 ]
  [0.8058654  0.9973813  0.98226035]]

 [[0.673692   0.61999226 0.650456  ]
  [0.678733   0.5788372  0.65211624]
  [0.67921865 0.62799853 0.65135956]
  ...
  [0.9550847  0.98096275 0.90919924]
  [0.48269922 0.9951051  0.99830216]
  [0.7417036  0.8210234  0.9976821 ]]

 [[0.66019636 0.54461014 0.5923158 ]
  [0.668454   0.564078   0.61237544]
  [0.6483907  0.6296997  0.65327835]
  ...
  [0.94475806 0.95560235 0.9873171 ]
  [0.75860274 0.8868128  0.97029996]
  [0.8138969  0.52543217 0.74992824]]]
Iter: 320
D loss: 0.7081
G_loss: 0.9964
 
not training discriminator
[[[0.5560273  0.5798007  0.5352576 ]
  [0.5696947  0.58087814 0.5860214 ]
  [0.5784654  0.6083544  0.6015965 ]
  ...
  [0.58058137 0.5347436  0.5706684 ]
  [0.55518717 0.50916827 0.54167336]
  [0.5431237  0.492076   0.56876177]]

 [[0.6014815  0.59503937 0.5415416 ]
  [0.5625085  0.5197719  0.60154855]
  [0.61518854 0.5397264  0.56554085]
  ...
  [0.5483092  0.4906191  0.5394274 ]
  [0.5814139  0.5063384  0.5550772 ]
  [0.5860387  0.4492406  0.5114268 ]]

 [[0.59968096 0.5539575  0.5306164 ]
  [0.59081507 0.5363836  0.5612896 ]
  [0.54102206 0.52070844 0.54725933]
  ...
  [0.55690134 0.5155093  0.5193604 ]
  [0.5967569  0.52769417 0.5446642 ]
  [0.5903986  0.5272952  0.553026  ]]

 ...

 [[0.6532491  0.51545644 0.51966983]
  [0.57143855 0.5647687  0.5846381 ]
  [0.72824067 0.5175023  0.49526268]
  ...
  [0.5186314  0.5038871  0.51734316]
  [0.55629134 0.6149417  0.595183  ]
  [0.62944764 0.61077666 0.54699373]]

 [[0.6423934  0.55413103 0.6257139 ]
  [0.5997955  0.5472181  0.52837515]
  [0.6998507  0.5388975  0.6199431 ]
  ...
  [0.5803151  0.4849588  0.5487161 ]
  [0.5537907  0.5493926  0.6200896 ]
  [0.587241   0.64012516 0.57959694]]

 [[0.6200442  0.46275598 0.5546632 ]
  [0.666512   0.53319067 0.49343005]
  [0.64226633 0.6850765  0.6850666 ]
  ...
  [0.67966706 0.62813365 0.6505618 ]
  [0.6556941  0.6271665  0.6018793 ]
  [0.58870274 0.7201381  0.61630696]]]
